[Paper0]
Name=cards
DisplayName=cards
Width=88.391999999999996
Height=63.246000000000002
MarginTop=0
MarginBottom=0
MarginLeft=0
MarginRight=0
Orientation=portrait
